res_orig
0.4515837104072398
0.41945701357466064
0.39683257918552034
0.40226244343891404
0.42126696832579186
0.43891402714932126
0.4076923076923077
0.4076923076923077
0.41266968325791853
0.4429864253393665
