res_orig
0.285972850678733
0.2914027149321267
0.29502262443438915
0.2923076923076923
0.285972850678733
0.29502262443438915
0.2927601809954751
0.29366515837104074
0.2873303167420814
0.2868778280542986
