res_orig
0.37058823529411766
0.3352941176470588
0.3194570135746606
0.33076923076923076
0.34796380090497736
0.3235294117647059
0.3552036199095023
0.34434389140271493
0.3547511312217195
0.3927601809954751
0.38597285067873305
0.33122171945701356
0.3579185520361991
0.35294117647058826
0.3755656108597285
0.35203619909502265
0.34524886877828054
0.351131221719457
0.3588235294117647
0.36289592760180994
