res_orig
0.32895927601809954
0.4081447963800905
0.3574660633484163
0.3832579185520362
0.38280542986425337
0.38371040723981903
0.4230769230769231
0.36877828054298645
0.38642533936651585
0.3751131221719457
