res_orig
0.4312217194570136
0.42126696832579186
0.4425339366515837
0.4149321266968326
0.39773755656108595
0.4072398190045249
0.416289592760181
0.41266968325791853
0.4438914027149321
0.4285067873303167
