res_orig
0.40180995475113124
0.38371040723981903
0.41357466063348414
0.4113122171945701
0.41945701357466064
0.4076923076923077
0.3927601809954751
0.4067873303167421
0.4321266968325792
0.4253393665158371
