res_orig
0.2665158371040724
0.2841628959276018
0.29502262443438915
0.24660633484162897
0.2583710407239819
0.29457013574660634
0.26063348416289595
0.2402714932126697
0.27330316742081445
0.26153846153846155
